auprc = 0.9322400475768645
auroc = 0.9141574007220217
eval_loss = 0.4023280367255211
fn = 188
fp = 373
macro_f1 = {'accuracy': {'unnormalize': 0.8136212624584718, 'normalize': 0.8136212624584718}, 'precision': {'classes': [0.8433333333333334, 0.7939226519337017], 'weighted': 0.8166581315810406, 'macro': 0.8186279926335176, 'micro': 0.8136212624584718}, 'recall': {'classes': [0.7306859205776173, 0.8843076923076924], 'weighted': 0.8136212624584718, 'macro': 0.8074968064426549, 'micro': 0.8136212624584718}, 'f1': {'classes': [0.7829787234042552, 0.8366812227074236], 'weighted': 0.8119709364832083, 'macro': 0.8098299730558394, 'micro': 0.8136212624584718}}
mcc = 0.6260258466805996
tn = 1012
tp = 1437
